logoutlocation:
  world: world
  x: 191.08837624674206
  y: 65.0
  z: 241.536852207814
  yaw: 22.293701
  pitch: -36.536247
timestamps:
  logout: 1613306996859
  login: 1613306863766
  lastteleport: 1597729935606
afk: false
lastAccountName: YuukiSkniro
ipAddress: 127.0.0.1
lastlocation:
  world: world
  x: 164.5
  y: 60.0
  z: 253.5
  yaw: 4.787962
  pitch: 0.0
money: '400'
